%%% Au의 n, k값 구하는 함수 %%%
%   - lambda : 100nm ~ 9919nm
%   - Using Lagrange interpolation


function result=ITO_exp_company_2L_nk(lambda);

lambda=lambda*10^9;

Au_data=1e3*[0.326000000000000   0.002474194000000   0.000277643400000
   0.327000000000000   0.002468442000000   0.000270997000000
   0.328000000000000   0.002462728000000   0.000264530200000
   0.329000000000000   0.002457148000000   0.000258356500000
   0.330000000000000   0.002451681000000   0.000252438600000
   0.331000000000000   0.002446268000000   0.000246701400000
   0.332000000000000   0.002440958000000   0.000241187900000
   0.333000000000000   0.002435726000000   0.000235863300000
   0.334000000000000   0.002430607000000   0.000230752800000
   0.335000000000000   0.002425555000000   0.000225804600000
   0.336000000000000   0.002420618000000   0.000221056300000
   0.337000000000000   0.002415785000000   0.000216489700000
   0.338000000000000   0.002410991000000   0.000212038800000
   0.339000000000000   0.002406306000000   0.000207762200000
   0.340000000000000   0.002401693000000   0.000203619900000
   0.341000000000000   0.002397192000000   0.000199642800000
   0.342000000000000   0.002392739000000   0.000195770000000
   0.343000000000000   0.002388373000000   0.000192031100000
   0.344000000000000   0.002384071000000   0.000188402500000
   0.345000000000000   0.002379853000000   0.000184896400000
   0.346000000000000   0.002375734000000   0.000181521600000
   0.347000000000000   0.002371674000000   0.000178241500000
   0.348000000000000   0.002367657000000   0.000175041700000
   0.349000000000000   0.002363722000000   0.000171948800000
   0.350000000000000   0.002359876000000   0.000168966000000
   0.351000000000000   0.002356077000000   0.000166058000000
   0.352000000000000   0.002352357000000   0.000163246800000
   0.353000000000000   0.002348682000000   0.000160504100000
   0.354000000000000   0.002345080000000   0.000157848800000
   0.355000000000000   0.002341556000000   0.000155282400000
   0.356000000000000   0.002338076000000   0.000152778100000
   0.357000000000000   0.002334629000000   0.000150326200000
   0.358000000000000   0.002331280000000   0.000147970800000
   0.359000000000000   0.002327978000000   0.000145675900000
   0.360000000000000   0.002324710000000   0.000143428600000
   0.361000000000000   0.002321498000000   0.000141244600000
   0.362000000000000   0.002318353000000   0.000139128900000
   0.363000000000000   0.002315248000000   0.000137061900000
   0.364000000000000   0.002312190000000   0.000135048400000
   0.365000000000000   0.002309195000000   0.000133095500000
   0.366000000000000   0.002306242000000   0.000131189800000
   0.367000000000000   0.002303329000000   0.000129328900000
   0.368000000000000   0.002300463000000   0.000127516300000
   0.369000000000000   0.002297629000000   0.000125740700000
   0.370000000000000   0.002294847000000   0.000124014300000
   0.371000000000000   0.002292114000000   0.000122334800000
   0.372000000000000   0.002289432000000   0.000120701900000
   0.373000000000000   0.002286776000000   0.000119099500000
   0.374000000000000   0.002284164000000   0.000117538100000
   0.375000000000000   0.002281581000000   0.000116007800000
   0.376000000000000   0.002279032000000   0.000114511300000
   0.377000000000000   0.002276526000000   0.000113053000000
   0.378000000000000   0.002274063000000   0.000111631400000
   0.379000000000000   0.002271641000000   0.000110245900000
   0.380000000000000   0.002269238000000   0.000108883100000
   0.381000000000000   0.002266872000000   0.000107552600000
   0.382000000000000   0.002264547000000   0.000106255700000
   0.383000000000000   0.002262247000000   0.000104983000000
   0.384000000000000   0.002259972000000   0.000103734900000
   0.385000000000000   0.002257733000000   0.000102516100000
   0.386000000000000   0.002255529000000   0.000101325500000
   0.387000000000000   0.002253358000000   0.000100162200000
   0.388000000000000   0.002251221000000   0.000099026400000
   0.389000000000000   0.002249105000000   0.000097910180000
   0.390000000000000   0.002247012000000   0.000096814060000
   0.391000000000000   0.002244949000000   0.000095742040000
   0.392000000000000   0.002242917000000   0.000094694390000
   0.393000000000000   0.002240900000000   0.000093661830000
   0.394000000000000   0.002238906000000   0.000092648430000
   0.395000000000000   0.002236947000000   0.000091660230000
   0.396000000000000   0.002235024000000   0.000090697360000
   0.397000000000000   0.002233116000000   0.000089748430000
   0.398000000000000   0.002231217000000   0.000088810940000
   0.399000000000000   0.002229351000000   0.000087896200000
   0.400000000000000   0.002227512000000   0.000087000950000
   0.401000000000000   0.002225685000000   0.000086117720000
   0.402000000000000   0.002223897000000   0.000085258990000
   0.403000000000000   0.002222123000000   0.000084412820000
   0.404000000000000   0.002220366000000   0.000083580460000
   0.405000000000000   0.002218630000000   0.000082764010000
   0.406000000000000   0.002216918000000   0.000081963920000
   0.407000000000000   0.002215215000000   0.000081173160000
   0.408000000000000   0.002213535000000   0.000080398150000
   0.409000000000000   0.002211882000000   0.000079640880000
   0.410000000000000   0.002210237000000   0.000078891610000
   0.411000000000000   0.002208620000000   0.000078160220000
   0.412000000000000   0.002207021000000   0.000077441710000
   0.413000000000000   0.002205432000000   0.000076732050000
   0.414000000000000   0.002203862000000   0.000076034850000
   0.415000000000000   0.002202308000000   0.000075349740000
   0.416000000000000   0.002200772000000   0.000074676370000
   0.417000000000000   0.002199251000000   0.000074013870000
   0.418000000000000   0.002197758000000   0.000073367120000
   0.419000000000000   0.002196278000000   0.000072730570000
   0.420000000000000   0.002194808000000   0.000072101430000
   0.421000000000000   0.002193341000000   0.000071478080000
   0.422000000000000   0.002191895000000   0.000070866870000
   0.423000000000000   0.002190469000000   0.000070267730000
   0.424000000000000   0.002189057000000   0.000069678170000
   0.425000000000000   0.002187660000000   0.000069097890000
   0.426000000000000   0.002186276000000   0.000068526640000
   0.427000000000000   0.002184905000000   0.000067964320000
   0.428000000000000   0.002183548000000   0.000067410610000
   0.429000000000000   0.002182204000000   0.000066865280000
   0.430000000000000   0.002180872000000   0.000066328230000
   0.431000000000000   0.002179553000000   0.000065799190000
   0.432000000000000   0.002178245000000   0.000065277930000
   0.433000000000000   0.002176950000000   0.000064764420000
   0.434000000000000   0.002175667000000   0.000064258350000
   0.435000000000000   0.002174394000000   0.000063759540000
   0.436000000000000   0.002173132000000   0.000063267420000
   0.437000000000000   0.002171888000000   0.000062785180000
   0.438000000000000   0.002170656000000   0.000062310030000
   0.439000000000000   0.002169428000000   0.000061838990000
   0.440000000000000   0.002168208000000   0.000061373900000
   0.441000000000000   0.002167000000000   0.000060915680000
   0.442000000000000   0.002165809000000   0.000060466110000
   0.443000000000000   0.002164627000000   0.000060022880000
   0.444000000000000   0.002163455000000   0.000059585540000
   0.445000000000000   0.002162293000000   0.000059153980000
   0.446000000000000   0.002161140000000   0.000058728020000
   0.447000000000000   0.002159995000000   0.000058307640000
   0.448000000000000   0.002158859000000   0.000057892640000
   0.449000000000000   0.002157732000000   0.000057482910000
   0.450000000000000   0.002156612000000   0.000057077940000
   0.451000000000000   0.002155504000000   0.000056679520000
   0.452000000000000   0.002154409000000   0.000056287680000
   0.453000000000000   0.002153315000000   0.000055898450000
