%%% Au의 n, k값 구하는 함수 %%%
%   - lambda : 100nm ~ 9919nm
%   - Using Lagrange interpolation


function result=ITO_exp_company_4G_nk(lambda);

lambda=lambda*10^9;

Au_data=1e3*[0.326000000000000   0.002473060000000   0.000222453200000;
   0.327000000000000   0.002467714000000   0.000216582100000;
   0.328000000000000   0.002462388000000   0.000210851000000;
   0.329000000000000   0.002457169000000   0.000205359000000;
   0.330000000000000   0.002452039000000   0.000200075700000;
   0.331000000000000   0.002446942000000   0.000194936100000;
   0.332000000000000   0.002441926000000   0.000189980500000;
   0.333000000000000   0.002436968000000   0.000185179400000;
   0.334000000000000   0.002432100000000   0.000180557200000;
   0.335000000000000   0.002427282000000   0.000176068700000;
   0.336000000000000   0.002422557000000   0.000171749400000;
   0.337000000000000   0.002417917000000   0.000167584200000;
   0.338000000000000   0.002413302000000   0.000163514000000;
   0.339000000000000   0.002408777000000   0.000159593500000;
   0.340000000000000   0.002404308000000   0.000155787200000;
   0.341000000000000   0.002399934000000   0.000152124500000;
   0.342000000000000   0.002395595000000   0.000148550100000;
   0.343000000000000   0.002391329000000   0.000145092200000;
   0.344000000000000   0.002387113000000   0.000141729800000;
   0.345000000000000   0.002382967000000   0.000138474800000;
   0.346000000000000   0.002378908000000   0.000135336200000;
   0.347000000000000   0.002374896000000   0.000132280500000;
   0.348000000000000   0.002370916000000   0.000129294700000;
   0.349000000000000   0.002367007000000   0.000126404400000;
   0.350000000000000   0.002363176000000   0.000123613100000;
   0.351000000000000   0.002359383000000   0.000120888000000;
   0.352000000000000   0.002355660000000   0.000118250300000;
   0.353000000000000   0.002351972000000   0.000115673800000;
   0.354000000000000   0.002348349000000   0.000113176600000;
   0.355000000000000   0.002344796000000   0.000110760400000;
   0.356000000000000   0.002341280000000   0.000108400500000;
   0.357000000000000   0.002337788000000   0.000106087700000;
   0.358000000000000   0.002334387000000   0.000103864200000;
   0.359000000000000   0.002331029000000   0.000101696000000;
   0.360000000000000   0.002327696000000   0.000099571270000;
   0.361000000000000   0.002324414000000   0.000097505080000;
   0.362000000000000   0.002321193000000   0.000095502330000;
   0.363000000000000   0.002318007000000   0.000093544620000;
   0.364000000000000   0.002314864000000   0.000091636690000;
   0.365000000000000   0.002311777000000   0.000089785390000;
   0.366000000000000   0.002308729000000   0.000087978260000;
   0.367000000000000   0.002305716000000   0.000086213060000;
   0.368000000000000   0.002302747000000   0.000084493130000;
   0.369000000000000   0.002299804000000   0.000082808120000;
   0.370000000000000   0.002296910000000   0.000081169480000;
   0.371000000000000   0.002294062000000   0.000079575270000;
   0.372000000000000   0.002291262000000   0.000078025180000;
   0.373000000000000   0.002288485000000   0.000076503990000;
   0.374000000000000   0.002285748000000   0.000075021880000;
   0.375000000000000   0.002283038000000   0.000073569480000;
   0.376000000000000   0.002280359000000   0.000072149320000;
   0.377000000000000   0.002277720000000   0.000070765650000;
   0.378000000000000   0.002275122000000   0.000069417170000;
   0.379000000000000   0.002272564000000   0.000068103260000;
   0.380000000000000   0.002270022000000   0.000066811330000;
   0.381000000000000   0.002267515000000   0.000065550500000;
   0.382000000000000   0.002265048000000   0.000064321980000;
   0.383000000000000   0.002262603000000   0.000063116960000;
   0.384000000000000   0.002260182000000   0.000061935850000;
   0.385000000000000   0.002257795000000   0.000060783030000;
   0.386000000000000   0.002255441000000   0.000059657650000;
   0.387000000000000   0.002253120000000   0.000058558640000;
   0.388000000000000   0.002250833000000   0.000057486380000;
   0.389000000000000   0.002248565000000   0.000056433330000;
   0.390000000000000   0.002246317000000   0.000055400020000;
   0.391000000000000   0.002244100000000   0.000054390210000;
   0.392000000000000   0.002241913000000   0.000053404170000;
   0.393000000000000   0.002239739000000   0.000052433170000;
   0.394000000000000   0.002237587000000   0.000051481050000;
   0.395000000000000   0.002235470000000   0.000050553450000;
   0.396000000000000   0.002233390000000   0.000049650520000;
   0.397000000000000   0.002231323000000   0.000048761550000;
   0.398000000000000   0.002229263000000   0.000047884230000;
   0.399000000000000   0.002227237000000   0.000047029110000;
   0.400000000000000   0.002225238000000   0.000046193150000;
   0.401000000000000   0.002223250000000   0.000045369380000;
   0.402000000000000   0.002221301000000   0.000044569400000;
   0.403000000000000   0.002219365000000   0.000043782100000;
   0.404000000000000   0.002217446000000   0.000043008620000;
   0.405000000000000   0.002215549000000   0.000042250920000;
   0.406000000000000   0.002213675000000   0.000041509370000;
   0.407000000000000   0.002211809000000   0.000040777500000;
   0.408000000000000   0.002209966000000   0.000040061210000;
   0.409000000000000   0.002208152000000   0.000039362330000;
   0.410000000000000   0.002206343000000   0.000038671850000;
   0.411000000000000   0.002204565000000   0.000037998880000;
   0.412000000000000   0.002202804000000   0.000037338770000;
   0.413000000000000   0.002201053000000   0.000036687820000;
   0.414000000000000   0.002199319000000   0.000036049350000;
   0.415000000000000   0.002197604000000   0.000035422990000;
   0.416000000000000   0.002195905000000   0.000034808400000;
   0.417000000000000   0.002194223000000   0.000034204780000;
   0.418000000000000   0.002192568000000   0.000033616550000;
   0.419000000000000   0.002190929000000   0.000033038630000;
   0.420000000000000   0.002189297000000   0.000032468480000;
   0.421000000000000   0.002187669000000   0.000031904630000;
   0.422000000000000   0.002186061000000   0.000031352830000;
   0.423000000000000   0.002184475000000   0.000030812970000;
   0.424000000000000   0.002182903000000   0.000030282800000;
   0.425000000000000   0.002181345000000   0.000029762010000;
   0.426000000000000   0.002179802000000   0.000029250390000;
   0.427000000000000   0.002178273000000   0.000028747810000;
   0.428000000000000   0.002176757000000   0.000028253970000;
   0.429000000000000   0.002175254000000   0.000027768650000;
   0.430000000000000   0.002173764000000   0.000027291760000;
   0.431000000000000   0.002172287000000   0.000026823020000;
   0.432000000000000   0.002170823000000   0.000026362230000;
   0.433000000000000   0.002169371000000   0.000025909330000;
   0.434000000000000   0.002167931000000   0.000025464040000;
   0.435000000000000   0.002166502000000   0.000025026180000;
   0.436000000000000   0.002165084000000   0.000024595230000;
   0.437000000000000   0.002163686000000   0.000024173980000;
   0.438000000000000   0.002162300000000   0.000023759950000;
   0.439000000000000   0.002160917000000   0.000023350540000;
   0.440000000000000   0.002159543000000   0.000022947340000;
   0.441000000000000   0.002158181000000   0.000022551130000;
   0.442000000000000   0.002156837000000   0.000022163440000;
   0.443000000000000   0.002155504000000   0.000021782240000;
   0.444000000000000   0.002154181000000   0.000021407130000;
   0.445000000000000   0.002152867000000   0.000021037990000;
   0.446000000000000   0.002151562000000   0.000020674670000;
   0.447000000000000   0.002150268000000   0.000020317120000;
   0.448000000000000   0.002148982000000   0.000019965160000;
   0.449000000000000   0.002147705000000   0.000019618710000;
   0.450000000000000   0.002146435000000   0.000019277290000;
   0.451000000000000   0.002145179000000   0.000018942400000;
