%%% Au의 n, k값 구하는 함수 %%%
%   - lambda : 100nm ~ 9919nm
%   - Using Lagrange interpolation


function result=ITO_exp_nk(lambda);

lambda=lambda*10^9;

Au_data=[250	2.2805	0.1;
370.64	2.24269798	0.074181108;
372.24	2.24085009	0.072605169;
373.83	2.23898201	0.071075668;
375.42	2.23709498	0.069590915;
377.01	2.23519025	0.068149312;
378.61	2.23326898	0.066749308;
380.2	2.23133225	0.065389395;
381.79	2.22938118	0.064068173;
383.39	2.22741676	0.062784257;
384.98	2.22544	0.061536361;
386.57	2.22345184	0.060323211;
388.17	2.22145324	0.059143644;
389.76	2.21944501	0.05799647;
391.35	2.21742801	0.056880584;
392.95	2.2154031	0.055794958;
394.54	2.21337099	0.054738538;
396.13	2.21133246	0.053710364;
397.73	2.20928822	0.052709494;
399.32	2.20723897	0.051735026;
400.91	2.20518536	0.050786092;
402.51	2.20312801	0.049861857;
404.1	2.20106755	0.048961519;
405.69	2.19900455	0.048084307;
407.29	2.19693953	0.047229466;
408.88	2.1948731	0.04639631;
410.47	2.19280577	0.045584149;
412.07	2.19073797	0.044792299;
413.66	2.18867016	0.044020124;
415.25	2.18660293	0.043267057;
416.85	2.18453652	0.04253244;
418.44	2.18247154	0.041815772;
420.03	2.18040826	0.041116459;
421.63	2.17834711	0.040433997;
423.22	2.17628841	0.039767854;
424.82	2.17423256	0.039117561;
426.41	2.17217989	0.038482645;
428	2.17013067	0.037862629;
429.6	2.16808533	0.03725711;
431.19	2.16604402	0.036665627;
432.78	2.16400703	0.036087769;
434.38	2.16197475	0.035523177;
435.97	2.1599473	0.034971433;
437.57	2.157925	0.034432184;
439.16	2.15590808	0.033905075;
440.75	2.15389669	0.033389745;
442.35	2.15189116	0.032885892;
443.94	2.14989158	0.032393163;
445.53	2.1478982	0.031911264;
447.13	2.14591119	0.031439893;
448.72	2.14393073	0.030978759;
450.32	2.14195698	0.030527582;
451.91	2.13999011	0.030086089;
453.5	2.13803025	0.029654018;
455.1	2.13607748	0.0292311;
456.69	2.13413207	0.02881711;
458.29	2.13219401	0.028411801;
459.88	2.13026354	0.028014949;
461.47	2.12834071	0.027626325;
463.07	2.12642558	0.027245701;
464.66	2.12451836	0.026872889;
466.25	2.12261907	0.026507675;
467.85	2.12072776	0.026149852;
469.44	2.11884463	0.02579925;
471.04	2.11696968	0.025455675;
472.63	2.11510299	0.025118946;
474.22	2.11324464	0.02478889;
475.82	2.11139468	0.024465339;
477.41	2.10955322	0.024148139;
479.01	2.10772027	0.023837121;
480.6	2.10589582	0.023532123;
482.19	2.10408002	0.023233015;
483.79	2.10227286	0.022939641;
485.38	2.10047443	0.022651872;
486.97	2.09868467	0.022369552;
488.57	2.0969037	0.022092566;
490.16	2.0951315	0.021820779;
491.76	2.09336815	0.021554072;
493.35	2.09161362	0.021292317;
494.94	2.08986793	0.021035396;
496.54	2.08813108	0.020783195;
498.13	2.08640315	0.02053561;
499.72	2.0846841	0.020292525;
501.32	2.08297392	0.020053835;
502.91	2.08127269	0.019819447;
504.5	2.07958034	0.019589253;
506.1	2.07789689	0.019363157;
507.69	2.07622237	0.019141073;
509.29	2.0745568	0.018922908;
510.88	2.0729001	0.018708568;
512.47	2.07125227	0.018497966;
514.07	2.06961336	0.018291024;
515.66	2.0679833	0.018087656;
517.25	2.06636214	0.017887787;
518.85	2.0647498	0.017691333;
520.44	2.06314631	0.017498227;
522.03	2.06155163	0.017308387;
523.63	2.05996576	0.01712175;
525.22	2.0583887	0.016938245;
526.81	2.05682038	0.016757799;
528.41	2.05526081	0.016580351;
530	2.05370993	0.016405832;
531.59	2.05216777	0.016234;
533.19	2.05063429	0.016065349;
534.78	2.04910942	0.015899259;
536.37	2.04759318	0.015735863;
537.96	2.04608555	0.015575103;
539.56	2.04458644	0.015416921;
541.15	2.04309587	0.015261267;
542.74	2.04161381	0.015108089;
544.34	2.04014023	0.014957337;
545.93	2.03867505	0.014808955;
547.52	2.03721828	0.0146629;
549.11	2.03576989	0.01451912;
550.71	2.03432985	0.014377583;
552.3	2.03289806	0.014238226;
553.89	2.0314746	0.014101017;
555.49	2.03005932	0.013965906;
557.08	2.02865224	0.013832856;
558.67	2.02725333	0.013701825;
560.26	2.02586254	0.013572773;
561.86	2.02447983	0.013445662;
563.45	2.02310513	0.013320449;
565.04	2.02173847	0.013197106;
566.63	2.02037975	0.013075589;
568.22	2.01902899	0.01295587;
569.82	2.01768608	0.012837907;
571.41	2.01635107	0.012721673;
573	2.01502382	0.012607129;
574.59	2.01370438	0.012494;
576.19	2.01239266	0.012382999;
577.78	2.01108859	0.012273345;
579.37	2.00979221	0.012165262;
580.96	2.00850343	0.01205872;
582.55	2.00722221	0.011953688;
584.14	2.00594852	0.011850139;
585.74	2.0046823	0.011748046;
587.33	2.00342352	0.011647381;
588.92	2.00217213	0.01154812;
590.51	2.00092814	0.011450238;
592.1	1.99969142	0.011353706;
593.69	1.998462	0.011258504;
595.29	1.99723981	0.011164606;
596.88	1.99602485	0.011071992;
598.47	1.99481699	0.010980632;
600.06	1.99361627	0.010890509;
601.65	1.99242261	0.010801601;
603.24	1.991236	0.010713886;
604.83	1.99005633	0.01062734;
606.42	1.98888363	0.010541947;
608.01	1.98771785	0.010457686;
609.6	1.98655889	0.010374534;
611.2	1.98540677	0.010292475;
612.79	1.98426142	0.010211489;
614.38	1.98312282	0.010131559;
615.97	1.98199091	0.010052666;
617.56	1.98086567	0.009974793;
619.15	1.97974703	0.009897921;
620.74	1.97863495	0.009822034;
622.33	1.97752942	0.009747116;
623.92	1.97643036	0.009673149;
625.51	1.97533778	0.00960012;
627.1	1.97425159	0.009528011;
628.69	1.97317178	0.009456808;
630.28	1.97209829	0.009386495;
631.87	1.9710311	0.009317059;
633.46	1.96997015	0.009248483;
635.05	1.96891542	0.009180755;
636.64	1.96786688	0.009113862;
638.23	1.96682445	0.009047788;
639.82	1.96578812	0.008982522;
641.41	1.96475783	0.008918049;
643	1.96373356	0.008854357;
644.58	1.96271528	0.008791435;
646.17	1.96170292	0.008729269;
647.76	1.96069646	0.008667847;
649.35	1.95969585	0.008607157;
650.94	1.9587011	0.00854719;
652.53	1.95771211	0.008487933;
654.12	1.95672887	0.008429374;
655.71	1.95575133	0.008371502;
657.29	1.95477949	0.008314309;
658.88	1.95381326	0.008257782;
660.47	1.95285264	0.008201912;
662.06	1.95189756	0.008146686;
663.65	1.95094803	0.0080921;
665.24	1.95000397	0.00803813;
666.82	1.9490654	0.007984796;
668.41	1.94813222	0.007932061;
670	1.94720442	0.007879924;
671.59	1.94628194	0.007828;
673.18	1.9453648	0.0077774;
674.76	1.94445294	0.007727017;
676.35	1.94354633	0.007677188;
677.94	1.94264489	0.007627912;
679.52	1.94174865	0.007579186;
681.11	1.94085752	0.007530997;
682.7	1.93997152	0.00748334;
684.29	1.93909056	0.007436206;
685.87	1.93821466	0.007389589;
687.46	1.93734373	0.007343478;
689.05	1.9364778	0.007297871;
690.63	1.9356168	0.007252756;
692.22	1.93476067	0.007208127;
693.81	1.93390944	0.007163979;
695.39	1.93306304	0.007120303;
696.98	1.93222144	0.007077093;
698.56	1.93138464	0.007034344;
700.15	1.93055254	0.006992046;
701.74	1.92972518	0.006950196;
703.32	1.92890246	0.006908785;
704.91	1.92808441	0.006867809;
706.49	1.92727097	0.006827261;
708.08	1.92646214	0.006787135;
709.66	1.92565782	0.006747425;
711.25	1.92485805	0.006708126;
712.83	1.92406276	0.006669231;
714.42	1.92327195	0.006630737;
716	1.92248555	0.006592635;
717.59	1.92170356	0.006554922;
719.17	1.92092597	0.006517593;
720.76	1.92015268	0.006480641;
722.34	1.91938373	0.006444062;
723.93	1.91861908	0.006407851;
725.51	1.91785865	0.006372003;
727.09	1.91710249	0.006336514;
728.68	1.9163505	0.006301376;
730.26	1.9156027	0.006266588;
731.84	1.91485905	0.006232145;
733.43	1.91411948	0.006198039;
735.01	1.91338405	0.00616427;
736.59	1.91265266	0.006130831;
738.18	1.9119253	0.006097717;
739.76	1.91120195	0.006064926;
741.34	1.91048258	0.006032453;
742.93	1.90976717	0.006000293;
744.51	1.90905568	0.005968443;
746.09	1.9083481	0.005936898;
747.67	1.90764441	0.005905656;
749.26	1.90694456	0.005874711;
750.84	1.90624853	0.00584406;
752.42	1.9055563	0.005813699;
754	1.90486785	0.005783625;
755.58	1.90418315	0.005753834;
757.17	1.90350216	0.005724321;
758.75	1.90282488	0.005695086;
760.33	1.90215128	0.005666122;
761.91	1.90148132	0.005637427;
763.49	1.90081499	0.005608998;
765.07	1.90015227	0.005580832;
766.65	1.89949313	0.005552925;
768.23	1.89883753	0.005525273;
769.82	1.89818549	0.005497875;
771.4	1.89753694	0.005470726;
772.98	1.89689185	0.005443823;
774.56	1.89625026	0.005417164;
