%%% VO2 n, k 
% - metal mode
% - lambda : 320nm ~ 1000nm
% - Using Lagrange interpolation

function result=VO2_metal_nk(lambda);

lambda=lambda*10^9;

VO2_metal_data_real=[320.13 -0.329808;
323.884 -0.38779;
326.552 -0.480271;
328.681 -0.572707;
330.275 -0.653564;
346.827 -1.18544;
352.21 -1.1859;
355.997 -1.11704;
358.174 -1.02498;
360.348 -0.944449;
361.99 -0.840809;
365.241 -0.76037;
366.443 -0.276157;
368.082 -0.184048;
369.724 -0.0804074;
372.059 0.622804;
372.433 -0.0114535;
374.075 0.0921868;
374.236 0.714867;
375.714 0.184296;
375.875 0.806976;
378.049 0.887507;
378.763 1.5678;
379.867 1.67148;
380.226 0.97957;
381.33 1.08326;
381.506 1.76359;
384.397 2.53594;
384.751 1.82097;
386.036 2.62805;
386.392 1.92461;
387.139 2.73174;
387.496 2.0283;
387.856 3.42356;
388.96 3.52725;
390.063 3.63093;
390.384 2.78912;
392.026 2.89276;
392.408 4.36874;
393.13 2.99644;
393.308 3.68831;
394.046 4.46085;
395.483 3.76884;
395.688 4.56449;
396.048 3.87257;
398.398 4.63344;
399.115 5.32526;
400.04 4.73708;
400.754 5.41737;
401.679 4.82919;
402.396 5.52101;
404.728 6.21269;
405.644 5.58992;
406.367 6.3048;
406.747 5.6936;
407.851 5.79729;
408.544 6.39686;
410.718 6.47739;
412.36 6.58103;
413.583 7.14597;
414.537 6.6731;
415.76 7.23803;
418.47 7.30698;
420.647 7.39904;
422.289 7.50268;
423.928 7.59479;
426.64 7.67528;
433.205 8.07831;
438.056 8.10095;
442.91 8.13513;
447.764 8.1693;
453.147 8.16884;
457.998 8.19148;
463.388 8.21408;
477.421 8.35124;
482.807 8.3623;
487.658 8.38495;
493.041 8.38448;
497.881 8.361;
502.714 8.31446;
507.556 8.30251;
520.384 7.94392;
525.22 7.90891;
528.432 7.83945;
532.183 7.76993;
534.857 7.70051;
538.066 7.61952;
541.278 7.55005;
544.49 7.48058;
548.779 7.41103;
562.131 6.99474;
566.967 6.95973;
569.638 6.87878;
572.85 6.80931;
576.6 6.7398;
579.813 6.67033;
583.563 6.60082;
586.775 6.53136;
591.608 6.48481;
604.975 6.12618;
609.811 6.09117;
613.561 6.02166;
617.312 5.95215;
620.524 5.88268;
624.275 5.81317;
627.487 5.7437;
631.776 5.67414;
636.077 5.65071;
647.834 5.31528;
652.676 5.30333;
656.968 5.2453;
660.718 5.17579;
665.01 5.11776;
668.764 5.05978;
673.053 4.99022;
676.265 4.92076;
691.802 4.63113;
696.1 4.59616;
700.93 4.53809;
704.684 4.48011;
708.437 4.42213;
712.729 4.3641;
716.483 4.30612;
720.236 4.24813;
734.706 3.99319;
739.545 3.96971;
743.834 3.90015;
747.585 3.83064;
751.338 3.77266;
755.089 3.70315;
759.922 3.6566;
764.752 3.59853;
778.681 3.3321;
783.523 3.32015;
788.353 3.26208;
791.568 3.20414;
795.86 3.14611;
799.614 3.08813;
803.905 3.03011;
808.197 2.97208;
824.818 2.70542;
829.654 2.67041;
833.946 2.61238;
838.24 2.56588;
842.532 2.50785;
846.824 2.44982;
851.116 2.3918;
855.958 2.37985;
867.727 2.09054;
872.569 2.07859;
876.861 2.02057;
881.694 1.97402;
885.983 1.90446;
890.275 1.84644;
894.567 1.78841;
911.729 1.53323;
916.565 1.49822;
920.86 1.45172;
925.152 1.3937;
929.443 1.33567;
933.735 1.27764;
938.027 1.21961;
942.863 1.1846;
954.647 0.952954;
959.489 0.941004;
963.778 0.871444;
968.612 0.824901;
973.442 0.766826;
977.195 0.708845;
980.946 0.639332;
985.782 0.60432;
998.646 0.384112;
1003.48 0.36063;
1007.78 0.302602;
1012.07 0.244574;
1016.36 0.186546;
1021.19 0.128472;
1025.49 0.0819748;
1029.79 0.0585402;
1042.64 -0.184731;
1047.48 -0.208212;
1051.78 -0.254709;
1056.07 -0.312737;
1060.36 -0.370765;
1065.19 -0.428839;
1069.48 -0.486867;
1074.32 -0.510349;
1085.57 -0.730417;
1090.42 -0.730836;
1094.71 -0.788864;
1098.46 -0.858377;
1102.75 -0.916405;
1107.04 -0.974433;
1111.33 -1.03246;
1116.17 -1.05594;
1129.58 -1.2762;
1134.42 -1.29968;
1138.7 -1.36924;
1143.53 -1.42731;
1147.83 -1.47381;
1152.12 -1.52031;
1155.88 -1.57829;
1160.72 -1.60177;
1172.5 -1.82188;
1177.88 -1.83388;
1182.18 -1.89191;
1186.47 -1.94994;
1190.76 -2.00796;
1195.59 -2.05451;
1199.89 -2.10101;
1216.51 -2.36766;
1221.89 -2.37966;
1226.18 -2.42616;
1229.94 -2.48414;
1234.77 -2.54221;
1239.06 -2.60024;
1243.35 -2.64674;
1259.44 -2.87876;
1264.83 -2.89075;
1269.12 -2.93725;
1272.87 -2.99523;
1277.17 -3.05326;
1280.92 -3.09971;
1285.75 -3.14625;
1290.59 -3.18127;
1302.39 -3.36679;
1307.76 -3.39032;
1312.59 -3.44839;
1316.89 -3.49489;
1321.18 -3.55292;
1325.48 -3.58788;
1329.77 -3.64591;
1346.39 -3.90104;
1351.77 -3.91303;
1355.53 -3.95948;
1359.83 -4.00598;
1363.58 -4.05243;
1368.42 -4.08744;
1372.71 -4.14547;
1377.55 -4.18048;
1389.34 -4.37754;
1394.18 -4.40102;
1397.94 -4.44747;
1402.77 -4.48248;
1407.06 -4.54051;
1411.36 -4.58701;
1415.65 -4.6335;
1421.03 -4.66856;
1433.36 -4.86566;
1438.2 -4.88914;
1443.03 -4.93569;
1447.32 -4.99371;
1451.62 -5.04021;
1456.45 -5.07522;
1460.75 -5.13325;
1477.38 -5.34226;
1482.22 -5.36574;
1486.52 -5.4007;
1490.81 -5.45873;
1495.64 -5.50527;
1500.47 -5.56335;
1504.23 -5.6098;
1520.33 -5.81876;
1524.63 -5.84219;
1529.47 -5.86567;
1533.22 -5.92365;
1538.05 -5.9702;
1542.35 -6.01669;
1547.18 -6.06324;
1564.35 -6.28382;
1569.2 -6.28424;
1573.49 -6.34226;
1578.32 -6.38881;
1582.62 -6.4353;
1586.91 -6.47027;
1591.21 -6.5283;
1607.31 -6.71419;
1612.15 -6.72614;
1616.98 -6.78422;
1620.74 -6.83067;
1625.03 -6.87716;
1629.87 -6.91218;
1634.16 -6.95867;
1651.34 -7.16772;
1656.18 -7.17967;
1660.48 -7.21464;
1665.31 -7.26118;
1669.07 -7.30763;
1673.9 -7.35418;
1678.2 -7.40067;
1683.03 -7.42416;
1695.37 -7.59819;
1700.21 -7.62167;
1705.05 -7.65669;
1709.34 -7.70318;
1714.18 -7.72666;
1718.48 -7.77316;
1723.31 -7.80817;
1737.26 -7.99388;
1742.1 -8.01736;
1746.4 -8.05233;
1751.23 -8.08734;
1756.07 -8.13389;
1760.36 -8.19191;
1764.66 -8.22688;
1780.23 -8.38966;
1785.07 -8.40161;
1789.36 -8.44811;
1794.2 -8.49466;
1798.49 -8.54115;
1803.87 -8.56468;
1808.7 -8.61122;
1823.19 -8.79698;
1828.57 -8.80897;
1832.87 -8.84394;
1837.7 -8.89048;
1842 -8.92545;
1846.3 -8.97195;
1850.59 -9.00691;
1867.24 -9.16979;
1871.54 -9.19323;
1875.84 -9.23972;
1880.67 -9.2632;
1885.51 -9.30975;
1889.81 -9.34471;
1894.64 -9.37973;
1911.29 -9.5426;
1916.13 -9.56609;
1920.96 -9.6011;
1925.26 -9.63606;
1929.02 -9.68251;
1933.85 -9.72906;
1938.15 -9.75249;
1955.34 -9.92695;
1960.72 -9.93895;
1964.47 -9.9854;
1969.85 -10.0089;
1973.61 -10.0554;
1978.45 -10.0789;
1982.74 -10.1254;     
    ];

