%%% VO2 n, k 
% - semi mode
% - lambda : 320nm ~ 1000nm
% - Using Lagrange interpolation

function result=VO2_semi_nk(lambda);

lambda=lambda*10^9;

VO2_semi_data_real=[301.68  -1.34741;
304.92  -1.41675;
308.162  -1.4976;
311.94  -1.55547;
317.33  -1.54443;
320.559  -1.47565;
323.246  -1.3838;
325.394  -1.2919;
328.066  -1.01589;
330.755  -0.935551;
331.824  -0.832052;
332.893  -0.728553;
333.962  -0.625054;
335.033  -0.533066;
336.102  -0.429567;
336.632  -0.326021;
337.701  -0.222523;
338.77  -0.119024;
339.3  -0.00396808;
340.369  0.0995308;
340.899  0.203076;
341.428  0.318132;
342.497  0.421631;
343.027  0.525176;
343.557  0.640232;
344.626  0.743731;
345.156  0.847276;
345.685  0.962332;
346.215  1.06588;
346.745  1.18093;
347.814  1.28443;
348.344  1.38798;
348.873  1.50303;
349.403  1.60658;
349.932  1.72163;
350.463  1.82518;
350.992  1.94023;
351.522  2.04378;
352.051  2.15884;
352.581  2.26238;
353.65  2.36588;
354.18  2.48094;
354.71  2.58448;
355.239  2.69954;
355.769  2.80308;
356.298  2.91814;
356.828  3.02168;
357.357  3.13674;
357.878  3.35539;
357.888  3.24028;
358.407  3.47044;
358.937  3.57399;
359.466  3.68904;
359.996  3.79259;
360.525  3.90764;
361.056  4.01119;
361.585  4.12624;
362.115  4.22979;
362.644  4.34485;
363.174  4.44839;
363.703  4.56345;
364.234  4.66699;
364.763  4.78205;
365.293  4.88559;
365.822  5.00065;
366.352  5.10419;
366.881  5.21925;
367.412  5.32279;
367.941  5.43785;
368.471  5.5414;
369.001  5.64494;
369.531  5.74849;
370.06  5.86354;
370.59  5.96709;
371.12  6.08214;
371.65  6.18569;
372.179  6.30074;
372.709  6.40429;
373.238  6.51935;
373.768  6.62289;
374.298  6.73795;
374.828  6.84149;
375.357  6.95655;
376.426  7.06005;
376.956  7.16359;
377.485  7.27865;
378.016  7.38219;
378.545  7.49725;
379.075  7.60079;
380.144  7.70429;
380.673  7.81935;
381.203  7.92289;
381.733  8.03795;
382.263  8.14149;
383.332  8.24499;
383.861  8.36005;
384.93  8.46355;
385.461  8.56709;
386.53  8.67059;
387.059  8.78565;
387.589  8.88919;
388.658  8.99269;
389.187  9.10775;
390.257  9.21125;
391.326  9.31475;
392.395  9.41824;
393.464  9.52174;
394.534  9.62524;
395.603  9.72874;
396.673  9.82073;
397.742  9.92423;
399.352  10.0162;
400.96  10.1196;
402.569  10.2116;
404.178  10.315;
405.787  10.407;
407.935  10.4989;
410.085  10.5792;
412.233  10.6711;
414.922  10.7515;
418.149  10.8318;
422.457  10.8889;
427.306  10.9231;
432.695  10.9456;
437.548  10.9222;
442.941  10.8987;
447.259  10.8408;
451.576  10.7944;
455.893  10.7364;
460.211  10.6785;
464.529  10.6206;
468.846  10.5627;
472.625  10.5048;
476.404  10.4354;
480.182  10.389;
483.962  10.3196;
488.28  10.2502;
492.598  10.1923;
496.377  10.1344;
500.156  10.065;
504.474  10.0071;
508.253  9.93771;
512.571  9.87978;
516.35  9.82191;
520.129  9.75252;
525.524  9.70601;
529.303  9.64814;
533.62  9.59021;
537.938  9.53229;
542.256  9.47437;
547.111  9.42791;
551.428  9.3815;
555.746  9.32357;
560.063  9.26565;
564.381  9.20772;
568.698  9.16131;
573.013  9.12641;
577.33  9.08;
581.647  9.03358;
585.424  8.98722;
589.741  8.9408;
594.057  8.9059;
598.372  8.871;
602.15  8.82463;
607.006  8.77817;
611.859  8.75473;
616.176  8.70832;
621.57  8.67332;
625.886  8.63842;
630.739  8.61498;
635.056  8.56857;
639.911  8.53362;
644.227  8.49871;
649.619  8.47523;
654.474  8.44028;
659.329  8.40533;
664.183  8.38189;
669.576  8.3584;
674.43  8.32346;
679.285  8.28851;
684.678  8.26502;
690.07  8.25304;
694.924  8.2296;
700.316  8.20612;
705.17  8.18268;
710.563  8.15919;
715.417  8.13575;
720.809  8.12378;
726.201  8.1118;
731.054  8.08836;
736.445  8.0879;
741.838  8.06441;
746.692  8.04097;
752.083  8.04051;
757.474  8.04004;
762.866  8.01656;
768.257  8.01609;
773.649  8.00412;
779.041  7.99214;
784.432  7.99168;
789.823  7.99121;
795.214  7.99074;
800.605  7.99028;
805.995  7.98981;
811.386  7.98935;
816.777  7.98888;
822.168  7.98842;
827.559  7.98795;
832.409  8.01055;
837.8  8.01009;
843.191  8.00962;
848.579  8.03218;
853.431  8.03176;
858.82  8.05431;
864.21  8.06536;
869.6  8.0764;
874.451  8.0875;
879.841  8.09854;
885.231  8.09808;
890.62  8.12063;
895.47  8.14323;
900.861  8.14277;
906.25  8.16532;
911.1  8.18792;
916.488  8.22199;
921.878  8.22152;
926.729  8.23261;
932.118  8.25517;
936.967  8.28928;
942.357  8.30033;
947.207  8.32293;
952.596  8.34548;
957.445  8.36808;
962.834  8.39064;
968.224  8.40168;
973.073  8.4358;
978.462  8.45835;
983.312  8.48095;
988.701  8.50351;
993.55  8.52611;
998.939  8.54866;
1003.79  8.58278;
1009.18  8.60533;
1014.03  8.62793;
1019.42  8.65049;
1024.27  8.67309;
1029.65  8.69564;
1034.5  8.71825;
1039.89  8.7408;
1044.74  8.7634;
1050.13  8.77445;
1054.98  8.80856;
1060.37  8.83111;
1065.22  8.85372;
1070.07  8.88783;
1074.92  8.91043;
1080.31  8.93298;
1085.16  8.95559;
1090.55  8.97814;
1095.4  9.00074;
1100.79  9.0233;
1106.17  9.04585;
1111.02  9.05694;
1116.41  9.09101;
1121.26  9.11361;
1126.65  9.11315;
1132.04  9.12419;
1136.89  9.1583;
1142.28  9.16935;
1147.67  9.1919;
1152.52  9.2145;
1157.37  9.23711;
1162.76  9.27117;
1168.15  9.28222;
1173.54  9.28175;
1178.39  9.31586;
1183.78  9.32691;
1188.63  9.338;
1194.02  9.34904;
1199.41  9.3716;
1204.26  9.3942;
1209.65  9.40524;
1215.04  9.41629;
1219.89  9.43889;
1225.28  9.44994;
1230.67  9.46098;
1235.52  9.48358;
1240.91  9.49463;
1246.3  9.50567;
1251.15  9.52827;
1256.54  9.53932;
1261.93  9.55036;
1267.32  9.56141;
1272.17  9.58401;
1277.56  9.59505;
1282.95  9.6061;
1288.33  9.61714;
1293.19  9.61673;
1298.58  9.62777;
1303.97  9.63882;
1309.36  9.66137;
1314.21  9.67246;
1319.6  9.672;
1324.99  9.67153;
1330.38  9.69409;
1335.77  9.70513;
1340.62  9.71622;
1346.01  9.71576;
1351.4  9.73831;
1356.79  9.74936;
1362.18  9.74889;
1367.03  9.75998;
1372.42  9.75952;
1377.81  9.75905;
1383.2  9.78161;
1388.59  9.78114;
1393.98  9.78068;
1398.83  9.80328;
1404.22  9.80281;
1409.61  9.81386;
1415  9.8249;
1420.39  9.82444;
1425.78  9.83548;
1431.17  9.84653;
1436.56  9.84606;
1441.95  9.8456;
1446.8  9.8682;
1452.19  9.86773;
1457.59  9.86727;
1462.98  9.8668;
1468.37  9.88936;
1473.76  9.88889;
1479.15  9.88843;
1484.54  9.88796;
1489.93  9.88749;
1494.78  9.9101;
1500.17  9.90963;
1505.56  9.90917;
1510.95  9.9087;
1516.34  9.91974;
1521.73  9.91928;
1527.12  9.91881;
1532.51  9.91835;
1537.9  9.91788;
1543.3  9.91742;
1548.14  9.95153;
1553.54  9.95106;
1558.93  9.9506;
1564.32  9.95013;
1569.71  9.94967;
1575.1  9.9492;
1580.49  9.94874;
1585.88  9.95978;
1591.27  9.95932;
1596.66  9.95885;
1602.05  9.95839;
1607.44  9.95792;
1612.83  9.95746;
1618.22  9.95699;
1623.62  9.95652;
1628.47  9.97913;
1633.86  9.97866;
1639.25  9.9782;
1644.64  9.97773;
1650.03  9.97726;
1655.42  9.9768;
1660.81  9.97633;
1666.2  9.97587;
1671.59  9.9754;
1676.98  9.97494;
1682.37  9.98598;
1687.76  9.98552;
1693.15  9.98505;
1698.55  9.98459;
1703.94  9.98412;
1709.33  9.98366;
1714.72  9.98319;
1720.11  9.98273;
1725.5  9.98226;
1730.89  9.98179;
1736.28  9.98133;
1741.67  9.98086;
1747.06  9.9804;
1752.45  9.97993;
1757.84  9.99098;
1763.23  10.0135;
1768.62  10.0131;
1774.02  10.0126;
1779.41  10.0121;
1784.8  10.0117;
1790.19  10.0112;
1795.58  10.0107;
1800.97  10.0103;
1806.36  10.0098;
1811.75  10.0093;
1817.14  10.0089;
1822.53  10.0084;
1827.92  10.0079;
1833.31  10.0075;
1838.71  10.007;
1844.1  10.0066;
1849.49  10.0061;
1854.88  10.0056;
1860.27  10.0052;
1865.66  10.0047;
1871.05  10.0042;
1876.44  10.0038;
1881.83  10.0033;
1887.22  10.0028;
1892.61  10.0024;
1898.01  10.0019;
1903.4  10.0014;
1908.79  10.001;
1914.18  10.0005;
1919.57  10;
1924.96  9.99957;
1929.81  10.0107;
1935.2  10.0217;
1940.59  10.0212;
1945.98  10.0208;
1951.37  10.0203;
1956.76  10.0198;
1962.15  10.0194;
1967.55  10.0189;
1972.94  10.0185;
1978.33  10.018;
1983.72  10.0175;
1989.11  10.0171;   
    ];

